resourceID,tagID,weight
42000,138,5
42000,16,4
42000,142,3
42000,154,2
42000,149,1
42001,16,5
42001,38,4
42001,7,3
42001,41,2
42001,42,1
42002,16,5
42002,3,4
42002,35,3
42002,36,2
42002,38,1
42003,16,5
42003,12,4
42003,13,3
42003,35,2
42003,8,1
42004,16,5
42004,3,4
42004,12,3
42004,14,2
42004,2,1
42005,16,5
42005,3,4
42005,12,3
42005,138,2
42005,35,1
42006,16,5
42006,12,4
42006,13,3
42006,3,2
42006,36,1
42007,16,5
42007,12,4
42007,38,3
42007,13,2
42007,35,1
42008,16,5
42008,42,4
42008,37,3
42008,99,2
42008,36,1
42009,16,5
42009,36,4
42009,41,3
42009,94,2
42009,97,1
42010,16,5
42010,36,4
42010,39,3
42010,41,2
42010,99,1
42011,138,5
42011,16,4
42011,135,3
42011,139,2
42011,141,1
42012,16,5
42012,38,4
42012,39,3
42012,42,2
42012,12,1
42013,16,5
42013,94,4
42013,97,3
42013,99,2
42013,42,1
42014,16,5
42014,42,4
42014,43,3
42014,36,2
42014,135,1
42015,16,5
42015,12,4
42015,38,3
42015,39,2
42015,8,1
42016,16,5
42016,36,4
42016,42,3
42016,38,2
42016,99,1
42017,16,5
42017,42,4
42017,35,3
42017,38,2
42017,99,1
42018,16,5
42018,99,4
42018,94,3
42018,36,2
42018,37,1
42019,16,5
42019,12,4
42019,35,3
42019,38,2
42019,99,1
42020,16,5
42020,86,4
42020,135,3
42020,138,2
42020,77,1
42021,16,5
42021,99,4
42021,94,3
42021,96,2
42021,36,1
42022,36,5
42022,16,4
42022,37,3
42022,3,2
42022,38,1
42023,16,5
42023,36,4
42023,35,3
42023,34,2
42023,39,1
42024,2,5
42024,16,4
42024,13,3
42024,12,2
42024,38,1
42025,16,5
42025,38,4
42025,37,3
42025,36,2
42025,39,1
42026,16,5
42026,3,4
42026,12,3
42026,35,2
42026,2,1
42027,16,5
42027,119,4
42027,150,3
42027,120,2
42027,125,1
42028,16,5
42028,174,4
42028,36,3
42028,94,2
42028,99,1
42029,16,5
42029,36,4
42029,38,3
42029,39,2
42029,171,1
42030,97,5
42030,147,4
42030,149,3
42030,100,2
42030,156,1
42031,16,5
42031,12,4
42031,36,3
42031,37,2
42031,38,1
42032,16,5
42032,94,4
42032,96,3
42032,93,2
42032,60,1
42033,143,5
42033,156,4
42033,157,3
42033,149,2
42033,138,1
42034,138,5
42034,16,4
42034,17,3
42034,143,2
42034,139,1
42035,16,5
42035,42,4
42035,36,3
42035,97,2
42035,106,1
42036,16,5
42036,36,4
42036,42,3
42036,99,2
42036,43,1
42037,17,5
42037,16,4
42037,38,3
42037,39,2
42037,32,1
42038,16,5
42038,97,4
42038,17,3
42038,42,2
42038,96,1
42039,16,5
42039,38,4
42039,39,3
42039,36,2
42039,37,1
42040,16,5
42040,38,4
42040,39,3
42040,37,2
42040,41,1
42041,16,5
42041,12,4
42041,38,3
42041,39,2
42041,17,1
42042,16,5
42042,12,4
42042,36,3
42042,37,2
42042,38,1
42043,16,5
42043,12,4
42043,33,3
42043,99,2
42043,36,1
42044,16,5
42044,36,4
42044,38,3
42044,98,2
42044,37,1
42045,16,5
42045,143,4
42045,157,3
42045,36,2
42045,98,1
42046,16,5
42046,38,4
42046,37,3
42046,35,2
42046,105,1
42047,16,5
42047,38,4
42047,17,3
42047,36,2
42047,37,1
42048,3,5
42048,16,4
42048,24,3
42048,8,2
42048,4,1
42049,3,5
42049,16,4
42049,35,3
42049,34,2
42049,2,1
42050,16,5
42050,3,4
42050,105,3
42050,12,2
42050,4,1
42051,99,5
42051,36,4
42051,38,3
42051,16,2
42051,163,1
42052,16,5
42052,36,4
42052,32,3
42052,38,2
42052,44,1
42053,15,5
42053,17,4
42053,1,3
42053,198,2
42053,199,1
42054,16,5
42054,98,4
42054,99,3
42054,37,2
42054,100,1
42055,16,5
42055,36,4
42055,3,3
42055,37,2
42055,14,1
42056,16,5
42056,94,4
42056,97,3
42056,99,2
42056,36,1
42057,16,5
42057,36,4
42057,43,3
42057,37,2
42057,106,1
42058,99,5
42058,96,4
42058,36,3
42058,143,2
42058,16,1
42059,99,5
42059,16,4
42059,173,3
42059,42,2
42059,43,1
42060,16,5
42060,3,4
42060,36,3
42060,37,2
42060,14,1
42061,16,5
42061,138,4
42061,142,3
42061,153,2
42061,139,1
42062,16,5
42062,138,4
42062,150,3
42062,142,2
42062,171,1
42063,16,5
42063,12,4
42063,35,3
42063,37,2
42063,135,1
42064,16,5
42064,3,4
42064,36,3
42064,39,2
42064,37,1
42065,16,5
42065,33,4
42065,37,3
42065,38,2
42065,99,1
42066,15,5
42066,17,4
42066,16,3
42066,1,2
42066,21,1
42067,138,5
42067,16,4
42067,152,3
42067,157,2
42067,149,1
42068,105,5
42068,16,4
42068,157,3
42068,163,2
42068,111,1
42069,16,5
42069,37,4
42069,38,3
42069,39,2
42069,36,1
42070,16,5
42070,12,4
42070,43,3
42070,35,2
42070,7,1
42071,22,5
42071,17,4
42071,16,3
42071,157,2
42071,171,1
42072,16,5
42072,94,4
42072,143,3
42072,99,2
42072,97,1
42073,16,5
42073,42,4
42073,38,3
42073,100,2
42073,99,1
42074,16,5
42074,3,4
42074,35,3
42074,38,2
42074,12,1
42075,12,5
42075,38,4
42075,39,3
42075,41,2
42075,36,1
42076,35,5
42076,36,4
42076,39,3
42076,41,2
42076,38,1
42077,16,5
42077,42,4
42077,36,3
42077,43,2
42077,99,1
42078,99,5
42078,36,4
42078,32,3
42078,38,2
42078,143,1
42079,16,5
42079,157,4
42079,166,3
42079,171,2
42079,167,1
42080,16,5
42080,34,4
42080,37,3
42080,31,2
42080,33,1
42081,138,5
42081,16,4
42081,157,3
42081,121,2
42081,154,1
42082,138,5
42082,16,4
42082,157,3
42082,159,2
42082,149,1
42083,16,5
42083,3,4
42083,36,3
42083,13,2
42083,12,1
42084,138,5
42084,16,4
42084,142,3
42084,43,2
42084,135,1
42085,16,5
42085,36,4
42085,38,3
42085,98,2
42085,93,1
42086,16,5
42086,42,4
42086,36,3
42086,99,2
42086,56,1
42087,99,5
42087,16,4
42087,143,3
42087,37,2
42087,96,1
42088,16,5
42088,94,4
42088,96,3
42088,36,2
42088,37,1
42089,16,5
42089,43,4
42089,39,3
42089,42,2
42089,36,1
42090,138,5
42090,142,4
42090,16,3
42090,35,2
42090,135,1
42091,16,5
42091,38,4
42091,39,3
42091,135,2
42091,42,1
42092,16,5
42092,17,4
42092,3,3
42092,36,2
42092,35,1
42093,3,5
42093,16,4
42093,12,3
42093,13,2
42093,38,1
42094,16,5
42094,37,4
42094,38,3
42094,39,2
42094,267,1
42095,16,5
42095,36,4
42095,44,3
42095,38,2
42095,100,1
42096,16,5
42096,44,4
42096,43,3
42096,38,2
42096,100,1
42097,16,5
42097,17,4
42097,33,3
42097,34,2
42097,99,1
42098,16,5
42098,99,4
42098,43,3
42098,100,2
42098,41,1
42099,16,5
42099,38,4
42099,39,3
42099,43,2
42099,36,1
42100,2,5
42100,16,4
42100,37,3
42100,38,2
42100,39,1
42101,16,5
42101,12,4
42101,38,3
42101,39,2
42101,36,1
42102,16,5
42102,37,4
42102,38,3
42102,36,2
42102,39,1
42103,16,5
42103,12,4
42103,33,3
42103,36,2
42103,35,1
42104,16,5
42104,4,4
42104,12,3
42104,38,2
42104,98,1
42105,16,5
42105,36,4
42105,38,3
42105,39,2
42105,41,1
42106,16,5
42106,157,4
42106,153,3
42106,156,2
42106,100,1
42107,16,5
42107,93,4
42107,38,3
42107,42,2
42107,36,1
42108,3,5
42108,36,4
42108,16,3
42108,35,2
42108,4,1
42109,16,5
42109,86,4
42109,135,3
42109,137,2
42109,138,1
42110,17,5
42110,183,4
42110,174,3
42110,16,2
42110,178,1
42111,16,5
42111,12,4
42111,2,3
42111,171,2
42111,38,1
42112,16,5
42112,37,4
42112,38,3
42112,39,2
42112,41,1
42113,105,5
42113,16,4
42113,93,3
42113,42,2
42113,96,1
42114,7,5
42114,2,4
42114,21,3
42114,22,2
42114,16,1
42115,16,5
42115,37,4
42115,35,3
42115,38,2
42115,8,1
42116,16,5
42116,12,4
42116,35,3
42116,37,2
42116,36,1
42117,16,5
42117,12,4
42117,37,3
42117,3,2
42117,38,1
42118,16,5
42118,13,4
42118,12,3
42118,35,2
42118,8,1
42119,16,5
42119,44,4
42119,36,3
42119,100,2
42119,38,1
42120,16,5
42120,43,4
42120,36,3
42120,135,2
42120,136,1
42121,16,5
42121,36,4
42121,12,3
42121,38,2
42121,76,1
42122,16,5
42122,12,4
42122,35,3
42122,3,2
42122,2,1
42123,16,5
42123,37,4
42123,38,3
42123,39,2
42123,138,1
42124,138,5
42124,16,4
42124,142,3
42124,154,2
42124,20,1
42125,76,5
42125,16,4
42125,4,3
42125,37,2
42125,77,1
42126,16,5
42126,3,4
42126,12,3
42126,36,2
42126,38,1
42127,16,5
42127,4,4
42127,12,3
42127,13,2
42127,38,1
42128,76,5
42128,77,4
42128,36,3
42128,56,2
42128,35,1
42129,16,5
42129,93,4
42129,97,3
42129,38,2
42129,96,1
42130,16,5
42130,99,4
42130,36,3
42130,93,2
42130,100,1
42131,16,5
42131,99,4
42131,94,3
42131,36,2
42131,100,1
42132,16,5
42132,35,4
42132,39,3
42132,42,2
42132,99,1
42133,16,5
42133,43,4
42133,39,3
42133,1,2
42133,12,1
42134,2,5
42134,16,4
42134,157,3
42134,171,2
42134,144,1
42135,16,5
42135,17,4
42135,22,3
42135,23,2
42135,168,1
42136,12,5
42136,35,4
42136,38,3
42136,39,2
42136,40,1
42137,16,5
42137,17,4
42137,22,3
42137,171,2
42137,2,1
42138,16,5
42138,43,4
42138,36,3
42138,39,2
42138,135,1
42139,4,5
42139,19,4
42139,20,3
42139,18,2
42139,53,1
42140,16,5
42140,97,4
42140,17,3
42140,37,2
42140,38,1
42141,35,5
42141,31,4
42141,34,3
42141,37,2
42141,33,1
42142,16,5
42142,12,4
42142,37,3
42142,38,2
42142,39,1
42143,16,5
42143,33,4
42143,42,3
42143,99,2
42143,35,1
42144,2,5
42144,16,4
42144,22,3
42144,171,2
42144,21,1
42145,16,5
42145,14,4
42145,37,3
42145,38,2
42145,39,1
42146,16,5
42146,14,4
42146,37,3
42146,36,2
42146,38,1
42147,138,5
42147,16,4
42147,142,3
42147,157,2
42147,150,1
42148,2,5
42148,16,4
42148,15,3
42148,171,2
42148,12,1
42149,10,5
42149,16,4
42149,38,3
42149,39,2
42149,34,1
42150,16,5
42150,2,4
42150,4,3
42150,12,2
42150,39,1
42151,16,5
42151,36,4
42151,38,3
42151,37,2
42151,93,1
42152,16,5
42152,36,4
42152,38,3
42152,42,2
42152,39,1
42153,159,5
42153,16,4
42153,38,3
42153,150,2
42153,149,1
42154,16,5
42154,153,4
42154,39,3
42154,149,2
42154,38,1
42155,16,5
42155,93,4
42155,55,3
42155,38,2
42155,39,1
42156,16,5
42156,58,4
42156,55,3
42156,56,2
42156,94,1
42157,22,5
42157,16,4
42157,23,3
42157,37,2
42157,38,1
42158,23,5
42158,34,4
42158,24,3
42158,35,2
42158,29,1
42159,16,5
42159,38,4
42159,37,3
42159,52,2
42159,150,1
42160,18,5
42160,17,4
42160,25,3
42160,46,2
42160,31,1
42161,16,5
42161,12,4
42161,4,3
42161,14,2
42161,35,1
42162,16,5
42162,17,4
42162,4,3
42162,181,2
42162,3,1
42163,16,5
42163,159,4
42163,153,3
42163,150,2
42163,143,1
42164,4,5
42164,17,4
42164,22,3
42164,115,2
42164,21,1
42165,16,5
42165,12,4
42165,37,3
42165,38,2
42165,39,1
42166,16,5
42166,36,4
42166,38,3
42166,53,2
42166,56,1
42167,16,5
42167,12,4
42167,37,3
42167,38,2
42167,39,1
42168,16,5
42168,38,4
42168,39,3
42168,100,2
42168,42,1
42169,17,5
42169,16,4
42169,37,3
42169,201,2
42169,35,1
42170,16,5
42170,12,4
42170,13,3
42170,38,2
42170,39,1
42171,16,5
42171,12,4
42171,38,3
42171,39,2
42171,41,1
42172,16,5
42172,143,4
42172,159,3
42172,135,2
42172,125,1
42173,16,5
42173,143,4
42173,157,3
42173,125,2
42173,159,1
42174,159,5
42174,157,4
42174,144,3
42174,163,2
42174,151,1
42175,16,5
42175,36,4
42175,43,3
42175,38,2
42175,99,1
42176,16,5
42176,37,4
42176,135,3
42176,55,2
42176,56,1
42177,2,5
42177,12,4
42177,171,3
42177,17,2
42177,33,1
42178,16,5
42178,143,4
42178,150,3
42178,37,2
42178,144,1
42179,4,5
42179,12,4
42179,20,3
42179,17,2
42179,39,1
42180,143,5
42180,16,4
42180,157,3
42180,36,2
42180,101,1
42181,16,5
42181,35,4
42181,38,3
42181,96,2
42181,97,1
42182,3,5
42182,16,4
42182,37,3
42182,38,2
42182,39,1
42183,2,5
42183,174,4
42183,17,3
42183,177,2
42183,172,1
42184,17,5
42184,16,4
42184,181,3
42184,2,2
42184,3,1
42185,16,5
42185,17,4
42185,37,3
42185,35,2
42185,39,1
42186,3,5
42186,16,4
42186,12,3
42186,36,2
42186,38,1
42187,37,5
42187,38,4
42187,35,3
42187,34,2
42187,39,1
42188,16,5
42188,37,4
42188,38,3
42188,39,2
42188,12,1
42189,16,5
42189,22,4
42189,7,3
42189,3,2
42189,8,1
42190,157,5
42190,163,4
42190,2,3
42190,3,2
42190,150,1
42191,16,5
42191,12,4
42191,35,3
42191,8,2
42191,38,1
42192,16,5
42192,37,4
42192,38,3
42192,36,2
42192,12,1
42193,17,5
42193,11,4
42193,12,3
42193,31,2
42193,9,1
42194,34,5
42194,12,4
42194,35,3
42194,15,2
42194,14,1
42195,16,5
42195,12,4
42195,35,3
42195,37,2
42195,38,1
42196,138,5
42196,16,4
42196,42,3
42196,135,2
42196,43,1
42197,102,5
42197,105,4
42197,16,3
42197,58,2
42197,101,1
42198,16,5
42198,36,4
42198,38,3
42198,43,2
42198,39,1
42199,16,5
42199,12,4
42199,35,3
42199,2,2
42199,8,1
42200,16,5
42200,13,4
42200,105,3
42200,99,2
42200,3,1
42201,19,5
42201,20,4
42201,24,3
42201,21,2
42201,198,1
42202,16,5
42202,36,4
42202,38,3
42202,135,2
42202,39,1
42203,15,5
42203,4,4
42203,203,3
42203,6,2
42203,53,1
42204,16,5
42204,86,4
42204,55,3
42204,80,2
42204,94,1
42205,16,5
42205,22,4
42205,38,3
42205,39,2
42205,151,1
42206,17,5
42206,31,4
42206,39,3
42206,33,2
42206,35,1
42207,16,5
42207,44,4
42207,100,3
42207,36,2
42207,38,1
42208,12,5
42208,39,4
42208,41,3
42208,33,2
42208,2,1
42209,16,5
42209,36,4
42209,39,3
42209,44,2
42209,99,1
42210,16,5
42210,43,4
42210,36,3
42210,77,2
42210,99,1
42211,2,5
42211,12,4
42211,16,3
42211,171,2
42211,38,1
42212,16,5
42212,36,4
42212,43,3
42212,38,2
42212,39,1
42213,16,5
42213,13,4
42213,36,3
42213,38,2
42213,12,1
42214,16,5
42214,3,4
42214,135,3
42214,171,2
42214,20,1
42215,37,5
42215,16,4
42215,38,3
42215,39,2
42215,35,1
42216,138,5
42216,16,4
42216,143,3
42216,139,2
42216,37,1
42217,16,5
42217,96,4
42217,98,3
42217,97,2
42217,38,1
42218,16,5
42218,44,4
42218,38,3
42218,100,2
42218,42,1
42219,16,5
42219,94,4
42219,96,3
42219,17,2
42219,100,1
42220,16,5
42220,36,4
42220,12,3
42220,35,2
42220,38,1
42221,138,5
42221,16,4
42221,43,3
42221,37,2
42221,38,1
42222,16,5
42222,36,4
42222,37,3
42222,38,2
42222,43,1
42223,16,5
42223,12,4
42223,37,3
42223,38,2
42223,135,1
42224,173,5
42224,2,4
42224,174,3
42224,16,2
42224,177,1
42225,108,5
42225,16,4
42225,89,3
42225,131,2
42225,37,1
42226,16,5
42226,36,4
42226,35,3
42226,98,2
42226,99,1
42227,2,5
42227,17,4
42227,38,3
42227,39,2
42227,171,1
42228,4,5
42228,20,4
42228,16,3
42228,76,2
42228,53,1
42229,16,5
42229,12,4
42229,2,3
42229,35,2
42229,135,1
42230,16,5
42230,37,4
42230,33,3
42230,38,2
42230,57,1
42231,16,5
42231,43,4
42231,135,3
42231,38,2
42231,42,1
42232,16,5
42232,38,4
42232,12,3
42232,3,2
42232,39,1
42233,3,5
42233,17,4
42233,19,3
42233,23,2
42233,183,1
42234,4,5
42234,3,4
42234,16,3
42234,17,2
42234,164,1
42235,16,5
42235,12,4
42235,53,3
42235,183,2
42235,186,1
42236,54,5
42236,16,4
42236,55,3
42236,37,2
42236,38,1
42237,15,5
42237,17,4
42237,33,3
42237,34,2
42237,31,1
42238,16,5
42238,3,4
42238,17,3
42238,12,2
42238,39,1
42239,16,5
42239,37,4
42239,135,3
42239,42,2
42239,86,1
42240,37,5
42240,36,4
42240,38,3
42240,40,2
42240,12,1
42241,16,5
42241,12,4
42241,37,3
42241,38,2
42241,135,1
42242,16,5
42242,37,4
42242,181,3
42242,55,2
42242,38,1
42243,16,5
42243,12,4
42243,38,3
42243,39,2
42243,41,1
42244,16,5
42244,12,4
42244,38,3
42244,39,2
42244,135,1
42245,36,5
42245,16,4
42245,100,3
42245,98,2
42245,99,1
42246,12,5
42246,16,4
42246,38,3
42246,39,2
42246,2,1
42247,16,5
42247,37,4
42247,38,3
42247,4,2
42247,36,1
42248,16,5
42248,39,4
42248,38,3
42248,44,2
42248,41,1
42249,106,5
42249,107,4
42249,109,3
42249,36,2
42249,16,1
42250,16,5
42250,12,4
42250,17,3
42250,4,2
42250,99,1
42251,8,5
42251,16,4
42251,35,3
42251,38,2
42251,36,1
42252,16,5
42252,138,4
42252,142,3
42252,41,2
42252,42,1
42253,16,5
42253,12,4
42253,35,3
42253,36,2
42253,135,1
42254,16,5
42254,12,4
42254,35,3
42254,33,2
42254,3,1
42255,16,5
42255,17,4
42255,4,3
42255,38,2
42255,76,1
42256,16,5
42256,38,4
42256,39,3
42256,43,2
42256,159,1
42257,19,5
42257,24,4
42257,39,3
42257,33,2
42257,198,1
42258,4,5
42258,16,4
42258,38,3
42258,39,2
42258,135,1
42259,16,5
42259,37,4
42259,38,3
42259,42,2
42259,39,1
42260,4,5
42260,16,4
42260,38,3
42260,105,2
42260,12,1
42261,21,5
42261,22,4
42261,8,3
42261,3,2
42261,17,1
42262,143,5
42262,16,4
42262,22,3
42262,135,2
42262,12,1
42263,16,5
42263,86,4
42263,77,3
42263,128,2
42263,120,1
42264,4,5
42264,16,4
42264,37,3
42264,38,2
42264,135,1
42265,16,5
42265,4,4
42265,22,3
42265,38,2
42265,36,1
42266,13,5
42266,16,4
42266,38,3
42266,12,2
42266,39,1
42267,138,5
42267,16,4
42267,142,3
42267,135,2
42267,37,1
42268,16,5
42268,12,4
42268,37,3
42268,99,2
42268,38,1
42269,16,5
42269,42,4
42269,34,3
42269,33,2
42269,36,1
42270,16,5
42270,12,4
42270,38,3
42270,35,2
42270,39,1
42271,16,5
42271,94,4
42271,97,3
42271,36,2
42271,12,1
42272,16,5
42272,42,4
42272,43,3
42272,44,2
42272,38,1
42273,17,5
42273,16,4
42273,2,3
42273,12,2
42273,35,1
42274,33,5
42274,19,4
42274,29,3
42274,37,2
42274,201,1
42275,16,5
42275,36,4
42275,12,3
42275,32,2
42275,35,1
42276,16,5
42276,12,4
42276,35,3
42276,77,2
42276,3,1
42277,16,5
42277,44,4
42277,38,3
42277,37,2
42277,100,1
42278,135,5
42278,16,4
42278,138,3
42278,86,2
42278,139,1
42279,16,5
42279,38,4
42279,2,3
42279,3,2
42279,39,1
42280,16,5
42280,2,4
42280,35,3
42280,38,2
42280,37,1
42281,15,5
42281,17,4
42281,33,3
42281,35,2
42281,34,1
42282,12,5
42282,16,4
42282,38,3
42282,39,2
42282,8,1
42283,16,5
42283,13,4
42283,43,3
42283,42,2
42283,1,1
42284,16,5
42284,12,4
42284,35,3
42284,39,2
42284,8,1
42285,138,5
42285,16,4
42285,142,3
42285,15,2
42285,139,1
42286,138,5
42286,16,4
42286,142,3
42286,15,2
42286,139,1
42287,16,5
42287,36,4
42287,35,3
42287,42,2
42287,34,1
42288,138,5
42288,143,4
42288,16,3
42288,42,2
42288,37,1
42289,17,5
42289,11,4
42289,37,3
42289,16,2
42289,31,1
42290,16,5
42290,39,4
42290,35,3
42290,36,2
42290,12,1
42291,3,5
42291,16,4
42291,22,3
42291,36,2
42291,37,1
42292,2,5
42292,16,4
42292,17,3
42292,19,2
42292,183,1
42293,76,5
42293,77,4
42293,75,3
42293,43,2
42293,80,1
42294,13,5
42294,12,4
42294,35,3
42294,33,2
42294,8,1
42295,16,5
42295,4,4
42295,8,3
42295,35,2
42295,114,1
42296,42,5
42296,44,4
42296,36,3
42296,35,2
42296,16,1
42297,4,5
42297,22,4
42297,37,3
42297,75,2
42297,78,1
42298,12,5
42298,16,4
42298,35,3
42298,13,2
42298,37,1
42299,12,5
42299,16,4
42299,35,3
42299,42,2
42299,43,1
42300,16,5
42300,94,4
42300,98,3
42300,43,2
42300,100,1
42301,16,5
42301,94,4
42301,35,3
42301,43,2
42301,97,1
42302,172,5
42302,157,4
42302,153,3
42302,156,2
42302,171,1
42303,23,5
42303,29,4
42303,34,3
42303,33,2
42303,35,1
42304,4,5
42304,16,4
42304,54,3
42304,51,2
42304,76,1
42305,13,5
42305,12,4
42305,35,3
42305,39,2
42305,42,1
42306,16,5
42306,86,4
42306,87,3
42306,136,2
42306,76,1
42307,4,5
42307,24,4
42307,37,3
42307,39,2
42307,38,1
42308,16,5
42308,56,4
42308,38,3
42308,76,2
42308,4,1
42309,16,5
42309,2,4
42309,12,3
42309,35,2
42309,174,1
42310,16,5
42310,101,4
42310,105,3
42310,93,2
42310,38,1
42311,3,5
42311,17,4
42311,38,3
42311,54,2
42311,39,1
42312,75,5
42312,56,4
42312,36,3
42312,84,2
42312,106,1
42313,16,5
42313,36,4
42313,38,3
42313,39,2
42313,32,1
42314,12,5
42314,16,4
42314,14,3
42314,4,2
42314,15,1
42315,16,5
42315,36,4
42315,39,3
42315,35,2
42315,99,1
42316,16,5
42316,42,4
42316,43,3
42316,37,2
42316,36,1
42317,16,5
42317,3,4
42317,36,3
42317,37,2
42317,38,1
42318,16,5
42318,12,4
42318,35,3
42318,37,2
42318,4,1
42319,56,5
42319,77,4
42319,76,3
42319,4,2
42319,37,1
42320,12,5
42320,16,4
42320,17,3
42320,4,2
42320,23,1
42321,2,5
42321,16,4
42321,38,3
42321,39,2
42321,150,1
42322,16,5
42322,38,4
42322,39,3
42322,94,2
42322,93,1
42323,16,5
42323,12,4
42323,37,3
42323,38,2
42323,135,1
42324,16,5
42324,38,4
42324,36,3
42324,37,2
42324,4,1
42325,12,5
42325,33,4
42325,35,3
42325,40,2
42325,41,1
42326,3,5
42326,16,4
42326,14,3
42326,157,2
42326,110,1
42327,17,5
42327,34,4
42327,35,3
42327,33,2
42327,37,1
42328,4,5
42328,16,4
42328,86,3
42328,77,2
42328,75,1
42329,16,5
42329,36,4
42329,38,3
42329,39,2
42329,41,1
42330,4,5
42330,39,4
42330,12,3
42330,38,2
42330,76,1
42331,16,5
42331,12,4
42331,17,3
42331,138,2
42331,149,1
42332,3,5
42332,13,4
42332,35,3
42332,39,2
42332,38,1
42333,16,5
42333,38,4
42333,39,3
42333,43,2
42333,135,1
42334,12,5
42334,16,4
42334,13,3
42334,36,2
42334,37,1
42335,16,5
42335,43,4
42335,36,3
42335,106,2
42335,55,1
42336,16,5
42336,37,4
42336,38,3
42336,2,2
42336,167,1
42337,16,5
42337,4,4
42337,75,3
42337,37,2
42337,76,1
42338,12,5
42338,15,4
42338,16,3
42338,41,2
42338,39,1
42339,16,5
42339,93,4
42339,96,3
42339,38,2
42339,39,1
42340,54,5
42340,56,4
42340,55,3
42340,76,2
42340,59,1
42341,3,5
42341,16,4
42341,14,3
42341,38,2
42341,110,1
42342,16,5
42342,38,4
42342,106,3
42342,43,2
42342,39,1
42343,12,5
42343,16,4
42343,4,3
42343,56,2
42343,88,1
42344,56,5
42344,77,4
42344,76,3
42344,108,2
42344,58,1
42345,12,5
42345,13,4
42345,15,3
42345,16,2
42345,38,1
42346,2,5
42346,22,4
42346,17,3
42346,16,2
42346,174,1
42347,16,5
42347,36,4
42347,42,3
42347,35,2
42347,98,1
42348,3,5
42348,16,4
42348,58,3
42348,56,2
42348,43,1
42349,16,5
42349,12,4
42349,36,3
42349,15,2
42349,39,1
42350,2,5
42350,15,4
42350,12,3
42350,16,2
42350,38,1
42351,37,5
42351,4,4
42351,135,3
42351,43,2
42351,16,1
42352,13,5
42352,12,4
42352,35,3
42352,33,2
42352,37,1
42353,16,5
42353,12,4
42353,35,3
42353,37,2
42353,39,1
42354,3,5
42354,17,4
42354,16,3
42354,37,2
42354,180,1
42355,8,5
42355,16,4
42355,18,3
42355,53,2
42355,35,1
42356,12,5
42356,16,4
42356,35,3
42356,37,2
42356,13,1
42357,35,5
42357,36,4
42357,39,3
42357,34,2
42357,20,1
42358,16,5
42358,4,4
42358,77,3
42358,37,2
42358,54,1
42359,17,5
42359,15,4
42359,19,3
42359,24,2
42359,201,1
42360,16,5
42360,173,4
42360,157,3
42360,113,2
42360,163,1
42361,16,5
42361,137,4
42361,143,3
42361,7,2
42361,43,1
42362,16,5
42362,143,4
42362,38,3
42362,23,2
42362,36,1
42363,12,5
42363,33,4
42363,14,3
42363,32,2
42363,15,1
42364,138,5
42364,16,4
42364,135,3
42364,154,2
42364,139,1
42365,16,5
42365,37,4
42365,38,3
42365,39,2
42365,149,1
42366,16,5
42366,12,4
42366,38,3
42366,39,2
42366,54,1
42367,12,5
42367,16,4
42367,38,3
42367,39,2
42367,212,1
42368,12,5
42368,16,4
42368,35,3
42368,38,2
42368,13,1
42369,16,5
42369,22,4
42369,23,3
42369,245,2
42369,12,1
42370,11,5
42370,15,4
42370,12,3
42370,16,2
42370,13,1
42371,138,5
42371,16,4
42371,142,3
42371,43,2
42371,135,1
42372,16,5
42372,36,4
42372,37,3
42372,38,2
42372,39,1
42373,2,5
42373,16,4
42373,17,3
42373,22,2
42373,157,1
42374,17,5
42374,37,4
42374,38,3
42374,31,2
42374,39,1
42375,4,5
42375,23,4
42375,24,3
42375,37,2
42375,38,1
42376,12,5
42376,38,4
42376,39,3
42376,44,2
42376,14,1
42377,20,5
42377,12,4
42377,33,3
42377,35,2
42377,13,1
42378,16,5
42378,38,4
42378,39,3
42378,41,2
42378,135,1
42379,54,5
42379,56,4
42379,4,3
42379,16,2
42379,62,1
42380,12,5
42380,16,4
42380,35,3
42380,4,2
42380,37,1
42381,16,5
42381,36,4
42381,37,3
42381,38,2
42381,39,1
42382,16,5
42382,22,4
42382,3,3
42382,38,2
42382,135,1
42383,16,5
42383,36,4
42383,43,3
42383,99,2
42383,35,1
42384,12,5
42384,35,4
42384,39,3
42384,20,2
42384,11,1
42385,3,5
42385,12,4
42385,22,3
42385,16,2
42385,1,1
42386,16,5
42386,42,4
42386,38,3
42386,39,2
42386,37,1
42387,16,5
42387,38,4
42387,39,3
42387,12,2
42387,43,1
42388,1,5
42388,4,4
42388,17,3
42388,56,2
42388,75,1
42389,12,5
42389,16,4
42389,37,3
42389,38,2
42389,39,1
42390,12,5
42390,38,4
42390,35,3
42390,14,2
42390,4,1
42391,16,5
42391,4,4
42391,37,3
42391,38,2
42391,135,1
42392,76,5
42392,75,4
42392,77,3
42392,43,2
42392,78,1
42393,12,5
42393,4,4
42393,16,3
42393,3,2
42393,35,1
42394,16,5
42394,37,4
42394,38,3
42394,39,2
42394,105,1
42395,77,5
42395,76,4
42395,39,3
42395,35,2
42395,33,1
42396,16,5
42396,4,4
42396,12,3
42396,3,2
42396,2,1
31000,12,5
31000,16,4
31000,33,3
31000,35,2
31000,39,1
31001,13,5
31001,12,4
31001,16,3
31001,37,2
31001,15,1
31002,12,5
31002,43,4
31002,4,3
31002,42,2
31002,13,1
31003,13,5
31003,12,4
31003,16,3
31003,15,2
31003,241,1
31004,17,5
31004,12,4
31004,33,3
31004,35,2
31004,32,1
31005,13,5
31005,12,4
31005,15,3
31005,16,2
31005,14,1
31006,12,5
31006,16,4
31006,43,3
31006,37,2
31006,13,1
31007,13,5
31007,12,4
31007,16,3
31007,35,2
31007,36,1
31008,16,5
31008,94,4
31008,96,3
31008,43,2
31008,44,1
31009,12,5
31009,13,4
31009,16,3
31009,15,2
31009,4,1
31010,16,5
31010,4,4
31010,12,3
31010,43,2
31010,106,1
31011,16,5
31011,4,4
31011,12,3
31011,3,2
31011,13,1
31012,12,5
31012,43,4
31012,13,3
31012,41,2
31012,16,1
31013,12,5
31013,16,4
31013,43,3
31013,4,2
31013,42,1
31014,12,5
31014,16,4
31014,33,3
31014,34,2
31014,4,1
31015,12,5
31015,43,4
31015,56,3
31015,42,2
31015,4,1
31016,12,5
31016,16,4
31016,33,3
31016,35,2
31016,13,1
31017,12,5
31017,13,4
31017,42,3
31017,35,2
31017,4,1
31018,12,5
31018,16,4
31018,34,3
31018,35,2
31018,13,1
31019,12,5
31019,43,4
31019,35,3
31019,33,2
31019,13,1
31020,12,5
31020,16,4
31020,35,3
31020,37,2
31020,39,1
31021,12,5
31021,16,4
31021,37,3
31021,13,2
31021,38,1
31022,12,5
31022,43,4
31022,39,3
31022,13,2
31022,4,1
31023,12,5
31023,13,4
31023,36,3
31023,42,2
31023,4,1
31024,12,5
31024,13,4
31024,16,3
31024,35,2
31024,4,1
31025,12,5
31025,16,4
31025,35,3
31025,36,2
31025,44,1
31026,13,5
31026,12,4
31026,33,3
31026,11,2
31026,43,1
31027,4,5
31027,13,4
31027,12,3
31027,36,2
31027,37,1
31028,56,5
31028,72,4
31028,39,3
31028,42,2
31028,4,1
31029,12,5
31029,16,4
31029,33,3
31029,34,2
31029,35,1
31030,13,5
31030,12,4
31030,16,3
31030,33,2
31030,35,1
31031,12,5
31031,16,4
31031,38,3
31031,4,2
31031,43,1
31032,12,5
31032,13,4
31032,16,3
31032,4,2
31032,76,1
31033,13,5
31033,12,4
31033,16,3
31033,37,2
31033,4,1
31034,16,5
31034,37,4
31034,39,3
31034,12,2
31034,13,1
31035,16,5
31035,13,4
31035,37,3
31035,15,2
31035,33,1
31036,12,5
31036,16,4
31036,35,3
31036,37,2
31036,13,1
31037,13,5
31037,42,4
31037,35,3
31037,16,2
31037,40,1
31038,13,5
31038,16,4
31038,33,3
31038,42,2
31038,36,1
31039,13,5
31039,42,4
31039,12,3
31039,35,2
31039,16,1
31040,13,5
31040,16,4
31040,42,3
31040,35,2
31040,37,1
31041,12,5
31041,16,4
31041,36,3
31041,13,2
31041,39,1
31042,13,5
31042,16,4
31042,42,3
31042,35,2
31042,12,1
31043,16,5
31043,33,4
31043,35,3
31043,37,2
31043,13,1
31044,13,5
31044,12,4
31044,16,3
31044,35,2
31044,4,1
31045,12,5
31045,16,4
31045,37,3
31045,13,2
31045,33,1
31046,55,5
31046,86,4
31046,56,3
31046,54,2
31046,77,1
31047,55,5
31047,54,4
31047,56,3
31047,76,2
31047,77,1
31048,13,5
31048,12,4
31048,33,3
31048,35,2
31048,4,1
31049,13,5
31049,12,4
31049,16,3
31049,4,2
31049,37,1
31050,16,5
31050,12,4
31050,4,3
31050,38,2
31050,39,1
31051,4,5
31051,77,4
31051,16,3
31051,76,2
31051,12,1
31052,76,5
31052,77,4
31052,39,3
31052,35,2
31052,4,1
31053,4,5
31053,77,4
31053,71,3
31053,76,2
31053,16,1
31054,76,5
31054,77,4
31054,79,3
31054,12,2
31054,4,1
31055,13,5
31055,42,4
31055,41,3
31055,39,2
31055,40,1
31056,56,5
31056,86,4
31056,54,3
31056,76,2
31056,64,1
31057,12,5
31057,33,4
31057,42,3
31057,13,2
31057,32,1
31058,12,5
31058,16,4
31058,33,3
31058,35,2
31058,13,1
31059,16,5
31059,12,4
31059,43,3
31059,39,2
31059,13,1
31060,12,5
31060,33,4
31060,16,3
31060,35,2
31060,13,1
31061,13,5
31061,12,4
31061,35,3
31061,33,2
31061,8,1
31062,12,5
31062,4,4
31062,16,3
31062,39,2
31062,43,1
31063,16,5
31063,12,4
31063,37,3
31063,38,2
31063,39,1
31064,12,5
31064,13,4
31064,33,3
31064,42,2
31064,16,1
31065,16,5
31065,12,4
31065,38,3
31065,42,2
31065,100,1
31066,13,5
31066,12,4
31066,35,3
31066,42,2
31066,71,1
31067,12,5
31067,7,4
31067,16,3
31067,38,2
31067,39,1
31068,13,5
31068,12,4
31068,35,3
31068,33,2
31068,4,1
31069,4,5
31069,16,4
31069,12,3
31069,38,2
31069,75,1
31070,4,5
31070,16,4
31070,43,3
31070,77,2
31070,56,1
31071,16,5
31071,44,4
31071,100,3
31071,96,2
31071,98,1
31072,13,5
31072,12,4
31072,33,3
31072,4,2
31072,36,1
31073,12,5
31073,16,4
31073,33,3
31073,35,2
31073,13,1
31074,13,5
31074,16,4
31074,42,3
31074,43,2
31074,39,1
31075,16,5
31075,37,4
31075,36,3
31075,42,2
31075,43,1
31076,16,5
31076,38,4
31076,37,3
31076,44,2
31076,14,1
31077,12,5
31077,36,4
31077,43,3
31077,38,2
31077,13,1
31078,16,5
31078,37,4
31078,3,3
31078,12,2
31078,2,1
31079,16,5
31079,12,4
31079,35,3
31079,36,2
31079,38,1
31080,16,5
31080,43,4
31080,12,3
31080,35,2
31080,42,1
31081,12,5
31081,16,4
31081,33,3
31081,35,2
31081,38,1
31082,13,5
31082,12,4
31082,16,3
31082,43,2
31082,42,1
31083,13,5
31083,12,4
31083,16,3
31083,35,2
31083,4,1
31084,13,5
31084,40,4
31084,42,3
31084,41,2
31084,39,1
31085,12,5
31085,13,4
31085,16,3
31085,44,2
31085,71,1
31086,16,5
31086,13,4
31086,12,3
31086,35,2
31086,36,1
31087,12,5
31087,41,4
31087,39,3
31087,40,2
31087,42,1
31088,41,5
31088,39,4
31088,12,3
31088,42,2
31088,13,1
31089,12,5
31089,35,4
31089,39,3
31089,16,2
31089,37,1
31090,40,5
31090,41,4
31090,39,3
31090,33,2
31090,34,1
31091,16,5
31091,12,4
31091,39,3
31091,185,2
31091,177,1
31092,12,5
31092,41,4
31092,39,3
31092,35,2
31092,40,1
31093,13,5
31093,39,4
31093,29,3
31093,41,2
31093,33,1
31094,54,5
31094,56,4
31094,55,3
31094,39,2
31094,183,1
31095,4,5
31095,12,4
31095,33,3
31095,35,2
31095,36,1
31096,12,5
31096,13,4
31096,16,3
31096,35,2
31096,42,1
31097,12,5
31097,56,4
31097,43,3
31097,39,2
31097,4,1
31098,39,5
31098,56,4
31098,4,3
31098,55,2
31098,71,1
31099,12,5
31099,39,4
31099,35,3
31099,2,2
31099,41,1
31100,16,5
31100,12,4
31100,33,3
31100,4,2
31100,36,1
31101,12,5
31101,16,4
31101,33,3
31101,35,2
31101,37,1
31102,13,5
31102,12,4
31102,33,3
31102,35,2
31102,40,1
31103,16,5
31103,12,4
31103,43,3
31103,4,2
31103,38,1
31104,12,5
31104,16,4
31104,43,3
31104,35,2
31104,13,1
31105,13,5
31105,12,4
31105,35,3
31105,33,2
31105,8,1
31106,13,5
31106,12,4
31106,35,3
31106,33,2
31106,32,1
31107,12,5
31107,39,4
31107,35,3
31107,4,2
31107,41,1
31108,4,5
31108,12,4
31108,39,3
31108,35,2
31108,33,1
31109,13,5
31109,12,4
31109,35,3
31109,39,2
31109,34,1
31110,12,5
31110,13,4
31110,16,3
31110,37,2
31110,35,1
31111,13,5
31111,12,4
31111,36,3
31111,38,2
31111,40,1
31112,13,5
31112,12,4
31112,39,3
31112,16,2
31112,35,1
31113,12,5
31113,16,4
31113,33,3
31113,39,2
31113,13,1
31114,40,5
31114,13,4
31114,42,3
31114,41,2
31114,39,1
31115,12,5
31115,33,4
31115,41,3
31115,35,2
31115,13,1
31116,12,5
31116,16,4
31116,35,3
31116,39,2
31116,40,1
31117,13,5
31117,12,4
31117,38,3
31117,41,2
31117,39,1
31118,12,5
31118,13,4
31118,16,3
31118,33,2
31118,34,1
31119,41,5
31119,42,4
31119,39,3
31119,40,2
31119,12,1
31120,16,5
31120,42,4
31120,39,3
31120,98,2
31120,38,1
31121,16,5
31121,12,4
31121,38,3
31121,15,2
31121,96,1
31122,13,5
31122,42,4
31122,12,3
31122,16,2
31122,93,1
31123,16,5
31123,36,4
31123,53,3
31123,55,2
31123,35,1
31124,16,5
31124,42,4
31124,39,3
31124,43,2
31124,98,1
31125,77,5
31125,76,4
31125,79,3
31125,56,2
31125,38,1
31126,77,5
31126,4,4
31126,56,3
31126,79,2
31126,76,1
31127,15,5
31127,13,4
31127,12,3
31127,34,2
31127,35,1
31128,4,5
31128,12,4
31128,35,3
31128,77,2
31128,56,1
31129,16,5
31129,12,4
31129,37,3
31129,38,2
31129,39,1
31130,4,5
31130,12,4
31130,13,3
31130,16,2
31130,35,1
31131,12,5
31131,16,4
31131,37,3
31131,38,2
31131,13,1
31132,77,5
31132,56,4
31132,79,3
31132,37,2
31132,76,1
31133,12,5
31133,16,4
31133,37,3
31133,38,2
31133,39,1
31134,138,5
31134,16,4
31134,142,3
31134,3,2
31134,135,1
50135,16,5
50135,93,4
50135,42,3
50135,94,2
50135,55,1
50136,16,5
50136,42,4
50136,37,3
50136,38,2
50136,39,1
50137,2,5
50137,16,4
50137,3,3
50137,38,2
50137,13,1
50138,174,5
50138,177,4
50138,2,3
50138,37,2
50138,38,1
50139,17,5
50139,177,4
50139,16,3
50139,180,2
50139,169,1
50140,16,5
50140,36,4
50140,38,3
50140,42,2
50140,14,1
50141,97,5
50141,16,4
50141,98,3
50141,93,2
50141,100,1
50142,16,5
50142,99,4
50142,42,3
50142,93,2
50142,41,1
50143,16,5
50143,96,4
50143,38,3
50143,97,2
50143,39,1
50144,16,5
50144,93,4
50144,157,3
50144,44,2
50144,94,1
50145,1,5
50145,28,4
50145,33,3
50145,27,2
50145,37,1
50146,16,5
50146,36,4
50146,37,3
50146,100,2
50146,38,1
50147,97,5
50147,16,4
50147,93,3
50147,36,2
50147,96,1
50148,33,5
50148,12,4
50148,16,3
50148,1,2
50148,37,1
50149,96,5
50149,97,4
50149,93,3
50149,89,2
50149,98,1
50150,99,5
50150,16,4
50150,100,3
50150,38,2
50150,96,1
50151,12,5
50151,33,4
50151,37,3
50151,39,2
50151,41,1
50152,105,5
50152,103,4
50152,101,3
50152,110,2
50152,111,1
50153,99,5
50153,100,4
50153,16,3
50153,36,2
50153,96,1
50154,106,5
50154,16,4
50154,43,3
50154,99,2
50154,89,1
50155,76,5
50155,77,4
50155,39,3
50155,42,2
50155,4,1
50156,12,5
50156,33,4
50156,34,3
50156,35,2
50156,4,1
50157,16,5
50157,37,4
50157,98,3
50157,100,2
50157,38,1
50158,16,5
50158,38,4
50158,36,3
50158,37,2
50158,2,1
50159,16,5
50159,58,4
50159,94,3
50159,59,2
50159,95,1
50160,17,5
50160,12,4
50160,16,3
50160,38,2
50160,81,1
50161,97,5
50161,99,4
50161,96,3
50161,93,2
50161,16,1
50162,12,5
50162,16,4
50162,38,3
50162,1,2
50162,39,1
50163,16,5
50163,42,4
50163,43,3
50163,36,2
50163,32,1
50164,16,5
50164,42,4
50164,43,3
50164,38,2
50164,12,1
50165,2,5
50165,12,4
50165,35,3
50165,38,2
50165,5,1
50166,16,5
50166,12,4
50166,37,3
50166,1,2
50166,38,1
50167,16,5
50167,37,4
50167,36,3
50167,38,2
50167,39,1
50168,16,5
50168,12,4
50168,37,3
50168,38,2
50168,36,1
50169,16,5
50169,35,4
50169,53,3
50169,135,2
50169,52,1
50170,1,5
50170,16,4
50170,14,3
50170,38,2
50170,39,1
50171,16,5
50171,12,4
50171,33,3
50171,35,2
50171,37,1
50172,16,5
50172,3,4
50172,37,3
50172,44,2
50172,14,1
50173,12,5
50173,16,4
50173,39,3
50173,1,2
50173,15,1
50174,16,5
50174,37,4
50174,38,3
50174,98,2
50174,39,1
50175,16,5
50175,43,4
50175,38,3
50175,3,2
50175,37,1
50176,3,5
50176,16,4
50176,36,3
50176,38,2
50176,39,1
50177,2,5
50177,16,4
50177,171,3
50177,156,2
50177,13,1
50178,16,5
50178,36,4
50178,35,3
50178,38,2
50178,135,1
50179,97,5
50179,16,4
50179,96,3
50179,100,2
50179,148,1
50180,2,5
50180,16,4
50180,12,3
50180,3,2
50180,35,1
50181,3,5
50181,35,4
50181,16,3
50181,39,2
50181,38,1
50182,16,5
50182,42,4
50182,43,3
50182,37,2
50182,4,1
50183,16,5
50183,98,4
50183,99,3
50183,36,2
50183,35,1
50184,16,5
50184,7,4
50184,12,3
50184,1,2
50184,2,1
50185,16,5
50185,93,4
50185,96,3
50185,157,2
50185,159,1
50186,16,5
50186,36,4
50186,44,3
50186,100,2
50186,38,1
50187,16,5
50187,98,4
50187,99,3
50187,101,2
50187,36,1
50188,16,5
50188,42,4
50188,43,3
50188,99,2
50188,96,1
50189,3,5
50189,16,4
50189,157,3
50189,159,2
50189,2,1
50190,16,5
50190,38,4
50190,39,3
50190,43,2
50190,44,1
50191,16,5
50191,97,4
50191,93,3
50191,96,2
50191,36,1
50192,16,5
50192,36,4
50192,38,3
50192,37,2
50192,12,1
50193,101,5
50193,16,4
50193,103,3
50193,112,2
50193,36,1
50194,16,5
50194,3,4
50194,36,3
50194,38,2
50194,44,1
50195,16,5
50195,37,4
50195,38,3
50195,39,2
50195,36,1
50196,17,5
50196,16,4
50196,12,3
50196,182,2
50196,35,1
50197,97,5
50197,16,4
50197,4,3
50197,38,2
50197,96,1
50198,16,5
50198,37,4
50198,38,3
50198,39,2
50198,41,1
50199,12,5
50199,16,4
50199,37,3
50199,38,2
50199,39,1
50200,39,5
50200,40,4
50200,38,3
50200,43,2
50200,44,1
50201,12,5
50201,16,4
50201,37,3
50201,38,2
50201,13,1
50202,2,5
50202,3,4
50202,16,3
50202,17,2
50202,19,1
50203,35,5
50203,36,4
50203,16,3
50203,38,2
50203,43,1
50204,16,5
50204,37,4
50204,38,3
50204,39,2
50204,44,1
50205,16,5
50205,4,4
50205,21,3
50205,22,2
50205,171,1
50206,16,5
50206,93,4
50206,94,3
50206,99,2
50206,56,1
50207,17,5
50207,16,4
50207,11,3
50207,181,2
50207,37,1
50208,3,5
50208,12,4
50208,16,3
50208,35,2
50208,37,1
50209,17,5
50209,16,4
50209,11,3
50209,37,2
50209,38,1
50210,16,5
50210,43,4
50210,100,3
50210,98,2
50210,44,1
50211,16,5
50211,36,4
50211,3,3
50211,38,2
50211,14,1
50212,16,5
50212,38,4
50212,39,3
50212,42,2
50212,44,1
50213,4,5
50213,12,4
50213,183,3
50213,15,2
50213,178,1
50214,16,5
50214,12,4
50214,15,3
50214,35,2
50214,33,1
50215,16,5
50215,37,4
50215,3,3
50215,38,2
50215,39,1
50216,4,5
50216,80,4
50216,16,3
50216,53,2
50216,54,1
50217,16,5
50217,12,4
50217,97,3
50217,38,2
50217,96,1
50218,16,5
50218,37,4
50218,12,3
50218,38,2
50218,39,1
50219,16,5
50219,58,4
50219,56,3
50219,55,2
50219,3,1
50220,12,5
50220,16,4
50220,2,3
50220,3,2
50220,174,1
50221,16,5
50221,12,4
50221,17,3
50221,3,2
50221,38,1
50222,2,5
50222,12,4
50222,3,3
50222,16,2
50222,174,1
50223,16,5
50223,12,4
50223,3,3
50223,4,2
50223,36,1
50224,16,5
50224,12,4
50224,37,3
50224,38,2
50224,94,1
50225,16,5
50225,12,4
50225,37,3
50225,38,2
50225,39,1
50226,16,5
50226,93,4
50226,58,3
50226,89,2
50226,94,1
50227,2,5
50227,16,4
50227,37,3
50227,38,2
50227,39,1
50228,16,5
50228,38,4
50228,36,3
50228,39,2
50228,43,1
50229,101,5
50229,103,4
50229,144,3
50229,110,2
50229,113,1
50230,16,5
50230,43,4
50230,38,3
50230,98,2
50230,99,1
50231,2,5
50231,16,4
50231,38,3
50231,185,2
50231,174,1
50232,16,5
50232,12,4
50232,39,3
50232,42,2
50232,76,1
50233,2,5
50233,16,4
50233,17,3
50233,12,2
50233,35,1
50234,16,5
50234,2,4
50234,15,3
50234,38,2
50234,39,1
50235,16,5
50235,36,4
50235,99,3
50235,38,2
50235,12,1
50236,16,5
50236,38,4
50236,12,3
50236,39,2
50236,174,1
50237,24,5
50237,26,4
50237,27,3
50237,25,2
50237,1,1
50238,16,5
50238,12,4
50238,36,3
50238,174,2
50238,17,1
50239,4,5
50239,16,4
50239,54,3
50239,57,2
50239,76,1
50240,16,5
50240,12,4
50240,35,3
50240,36,2
50240,2,1
50241,16,5
50241,53,4
50241,55,3
50241,37,2
50241,38,1
50242,16,5
50242,38,4
50242,37,3
50242,98,2
50242,35,1
50243,12,5
50243,16,4
50243,3,3
50243,22,2
50243,174,1
50244,16,5
50244,12,4
50244,38,3
50244,39,2
50244,43,1
50245,2,5
50245,4,4
50245,3,3
50245,16,2
50245,12,1
50246,56,5
50246,77,4
50246,80,3
50246,76,2
50246,87,1
50247,97,5
50247,16,4
50247,17,3
50247,38,2
50247,96,1
50248,16,5
50248,12,4
50248,38,3
50248,37,2
50248,96,1
50249,12,5
50249,3,4
50249,16,3
50249,176,2
50249,17,1
50250,1,5
50250,5,4
50250,14,3
50250,11,2
50250,8,1
50251,2,5
50251,17,4
50251,22,3
50251,3,2
50251,171,1
50252,16,5
50252,37,4
50252,38,3
50252,36,2
50252,3,1
50253,16,5
50253,80,4
50253,43,3
50253,39,2
50253,36,1
50254,21,5
50254,17,4
50254,23,3
50254,3,2
50254,1,1
50255,16,5
50255,38,4
50255,35,3
50255,39,2
50255,37,1
50256,16,5
50256,12,4
50256,37,3
50256,38,2
50256,36,1
50257,2,5
50257,17,4
50257,16,3
50257,12,2
50257,174,1
50258,39,5
50258,16,4
50258,42,3
50258,43,2
50258,76,1
50259,16,5
50259,3,4
50259,12,3
50259,37,2
50259,14,1
50260,3,5
50260,12,4
50260,35,3
50260,13,2
50260,16,1
50261,3,5
50261,12,4
50261,16,3
50261,2,2
50261,13,1
50262,16,5
50262,89,4
50262,97,3
50262,98,2
50262,101,1
50263,16,5
50263,98,4
50263,96,3
50263,35,2
50263,44,1
50264,16,5
50264,38,4
50264,2,3
50264,22,2
50264,156,1
50265,16,5
50265,42,4
50265,43,3
50265,38,2
50265,99,1
50266,17,5
50266,16,4
50266,3,3
50266,12,2
50266,171,1
50267,16,5
50267,38,4
50267,39,3
50267,43,2
50267,100,1
50268,16,5
50268,42,4
50268,43,3
50268,36,2
50268,38,1
50269,16,5
50269,38,4
50269,39,3
50269,41,2
50269,2,1
50270,16,5
50270,36,4
50270,44,3
50270,38,2
50270,100,1
50271,4,5
50271,56,4
50271,55,3
50271,16,2
50271,54,1
50272,16,5
50272,100,4
50272,114,3
50272,99,2
50272,103,1
50273,16,5
50273,43,4
50273,44,3
50273,106,2
50273,86,1
50274,43,5
50274,16,4
50274,37,3
50274,39,2
50274,36,1
50275,38,5
50275,16,4
50275,37,3
50275,43,2
50275,100,1
50276,16,5
50276,12,4
50276,38,3
50276,39,2
50276,138,1
50277,16,5
50277,42,4
50277,100,3
50277,157,2
50277,94,1
50278,17,5
50278,16,4
50278,39,3
50278,183,2
50278,43,1
50279,16,5
50279,37,4
50279,53,3
50279,99,2
50279,36,1
50280,16,5
50280,44,4
50280,37,3
50280,100,2
50280,43,1
50281,2,5
50281,16,4
50281,17,3
50281,10,2
50281,174,1
50282,12,5
50282,3,4
50282,16,3
50282,4,2
50282,2,1
50283,16,5
50283,42,4
50283,38,3
50283,37,2
50283,36,1
50284,12,5
50284,44,4
50284,4,3
50284,42,2
50284,32,1
50285,16,5
50285,36,4
50285,42,3
50285,43,2
50285,38,1
50286,16,5
50286,93,4
50286,96,3
50286,97,2
50286,38,1
50287,16,5
50287,42,4
50287,43,3
50287,37,2
50287,36,1
50288,16,5
50288,3,4
50288,36,3
50288,37,2
50288,38,1
50289,16,5
50289,42,4
50289,43,3
50289,38,2
50289,99,1
50290,16,5
50290,93,4
50290,149,3
50290,153,2
50290,98,1
50291,16,5
50291,86,4
50291,57,3
50291,43,2
50291,38,1
50292,3,5
50292,16,4
50292,36,3
50292,37,2
50292,38,1
50293,16,5
50293,36,4
50293,43,3
50293,13,2
50293,12,1
50294,16,5
50294,38,4
50294,36,3
50294,44,2
50294,39,1
50295,4,5
50295,12,4
50295,16,3
50295,86,2
50295,76,1
50296,16,5
50296,97,4
50296,36,3
50296,38,2
50296,100,1
50297,16,5
50297,12,4
50297,37,3
50297,38,2
50297,42,1
50298,16,5
50298,43,4
50298,38,3
50298,100,2
50298,37,1
50299,105,5
50299,13,4
50299,16,3
50299,110,2
50299,23,1
50300,16,5
50300,12,4
50300,37,3
50300,38,2
50300,97,1
50301,16,5
50301,37,4
50301,43,3
50301,100,2
50301,42,1
50302,96,5
50302,16,4
50302,38,3
50302,39,2
50302,101,1
50303,100,5
50303,99,4
50303,94,3
50303,96,2
50303,106,1
50304,12,5
50304,36,4
50304,35,3
50304,42,2
50304,13,1
50305,16,5
50305,12,4
50305,13,3
50305,38,2
50305,36,1
50306,16,5
50306,89,4
50306,106,3
50306,94,2
50306,88,1
50307,2,5
50307,4,4
50307,12,3
50307,16,2
50307,35,1
50308,16,5
50308,35,4
50308,37,3
50308,12,2
50308,33,1
50309,4,5
50309,17,4
50309,39,3
50309,55,2
50309,76,1
50310,16,5
50310,93,4
50310,42,3
50310,43,2
50310,36,1
50311,4,5
50311,12,4
50311,56,3
50311,43,2
50311,35,1
50312,16,5
50312,97,4
50312,43,3
50312,54,2
50312,39,1
50313,16,5
50313,93,4
50313,39,3
50313,96,2
50313,92,1
50314,16,5
50314,43,4
50314,37,3
50314,100,2
50314,38,1
50315,106,5
50315,58,4
50315,108,3
50315,113,2
50315,114,1
50316,12,5
50316,39,4
50316,38,3
50316,1,2
50316,44,1
50317,16,5
50317,36,4
50317,12,3
50317,38,2
50317,39,1
50318,16,5
50318,37,4
50318,36,3
50318,39,2
50318,99,1
50319,16,5
50319,43,4
50319,38,3
50319,37,2
50319,135,1
50320,12,5
50320,43,4
50320,37,3
50320,16,2
50320,115,1
50321,16,5
50321,12,4
50321,35,3
50321,43,2
50321,99,1
50322,16,5
50322,38,4
50322,37,3
50322,98,2
50322,36,1
50323,16,5
50323,100,4
50323,99,3
50323,106,2
50323,98,1
50324,16,5
50324,101,4
50324,106,3
50324,36,2
50324,105,1
50325,43,5
50325,16,4
50325,37,3
50325,38,2
50325,100,1
50326,16,5
50326,38,4
50326,106,3
50326,33,2
50326,101,1
50327,16,5
50327,39,4
50327,42,3
50327,43,2
50327,36,1
50328,16,5
50328,93,4
50328,37,3
50328,38,2
50328,99,1
50329,105,5
50329,16,4
50329,43,3
50329,108,2
50329,101,1
50330,16,5
50330,38,4
50330,36,3
50330,37,2
50330,100,1
50331,16,5
50331,3,4
50331,36,3
50331,35,2
50331,38,1
50332,16,5
50332,42,4
50332,43,3
50332,44,2
50332,36,1
50333,16,5
50333,36,4
50333,43,3
50333,34,2
50333,37,1
50334,16,5
50334,37,4
50334,39,3
50334,38,2
50334,12,1
50335,16,5
50335,3,4
50335,12,3
50335,14,2
50335,39,1
50336,16,5
50336,37,4
50336,43,3
50336,38,2
50336,100,1
50337,16,5
50337,38,4
50337,105,3
50337,43,2
50337,100,1
50338,16,5
50338,42,4
50338,43,3
50338,53,2
50338,99,1
50339,16,5
50339,37,4
50339,43,3
50339,100,2
50339,44,1
50340,16,5
50340,43,4
50340,38,3
50340,100,2
50340,44,1
50341,4,5
50341,77,4
50341,12,3
50341,79,2
50341,76,1
50342,16,5
50342,99,4
50342,93,3
50342,43,2
50342,100,1
50343,16,5
50343,12,4
50343,37,3
50343,38,2
50343,99,1
10000,16,5
10000,36,4
10000,35,3
10000,42,2
10000,135,1
10001,7,5
10001,8,4
10001,16,3
10001,138,2
10001,135,1
10002,16,5
10002,36,4
10002,38,3
10002,39,2
10002,3,1
10003,10,5
10003,16,4
10003,24,3
10003,37,2
10003,38,1
10004,7,5
10004,16,4
10004,22,3
10004,3,2
10004,8,1
10005,16,5
10005,12,4
10005,36,3
10005,38,2
10005,53,1
10006,16,5
10006,36,4
10006,43,3
10006,151,2
10006,38,1
10007,8,5
10007,12,4
10007,7,3
10007,2,2
10007,14,1
10008,138,5
10008,16,4
10008,8,3
10008,14,2
10008,135,1
10009,17,5
10009,16,4
10009,171,3
10009,12,2
10009,2,1
10010,17,5
10010,16,4
10010,38,3
10010,37,2
10010,39,1
10011,14,5
10011,16,4
10011,17,3
10011,37,2
10011,38,1
10012,16,5
10012,39,4
10012,38,3
10012,41,2
10012,62,1
10013,16,5
10013,17,4
10013,37,3
10013,38,2
10013,181,1
10014,10,5
10014,11,4
10014,12,3
10014,9,2
10014,8,1
10015,12,5
10015,16,4
10015,38,3
10015,42,2
10015,2,1
10016,16,5
10016,17,4
10016,93,3
10016,94,2
10016,2,1
10017,18,5
10017,17,4
10017,4,3
10017,15,2
10017,2,1
10018,17,5
10018,16,4
10018,12,3
10018,2,2
10018,181,1
10019,16,5
10019,12,4
10019,35,3
10019,38,2
10019,13,1
10020,17,5
10020,15,4
10020,16,3
10020,11,2
10020,10,1
10021,2,5
10021,38,4
10021,39,3
10021,16,2
10021,17,1
10022,16,5
10022,12,4
10022,39,3
10022,36,2
10022,37,1
10023,15,5
10023,17,4
10023,16,3
10023,5,2
10023,11,1
10024,16,5
10024,37,4
10024,39,3
10024,38,2
10024,135,1
10025,16,5
10025,42,4
10025,43,3
10025,38,2
10025,138,1
10026,16,5
10026,153,4
10026,157,3
10026,151,2
10026,154,1
10027,17,5
10027,10,4
10027,11,3
10027,12,2
10027,31,1
10028,2,5
10028,17,4
10028,12,3
10028,15,2
10028,16,1
10029,17,5
10029,2,4
10029,7,3
10029,15,2
10029,198,1
10030,2,5
10030,16,4
10030,171,3
10030,157,2
10030,174,1
10031,16,5
10031,113,4
10031,106,3
10031,111,2
10031,8,1
10032,2,5
10032,12,4
10032,13,3
10032,15,2
10032,171,1
10033,3,5
10033,16,4
10033,14,3
10033,44,2
10033,101,1
10034,4,5
10034,56,4
10034,57,3
10034,24,2
10034,67,1
10035,16,5
10035,42,4
10035,36,3
10035,38,2
10035,39,1
10036,16,5
10036,12,4
10036,42,3
10036,35,2
10036,53,1
10037,16,5
10037,138,4
10037,142,3
10037,136,2
10037,135,1
10038,16,5
10038,2,4
10038,39,3
10038,38,2
10038,14,1
10039,15,5
10039,17,4
10039,2,3
10039,36,2
10039,39,1
10040,16,5
10040,38,4
10040,39,3
10040,41,2
10040,36,1
10041,16,5
10041,12,4
10041,13,3
10041,35,2
10041,135,1
10042,2,5
10042,17,4
10042,167,3
10042,16,2
10042,21,1
10043,17,5
10043,18,4
10043,16,3
10043,2,2
10043,38,1
10044,12,5
10044,17,4
10044,16,3
10044,19,2
10044,2,1
10045,12,5
10045,24,4
10045,37,3
10045,248,2
10045,245,1
10046,14,5
10046,15,4
10046,16,3
10046,33,2
10046,39,1
10047,16,5
10047,2,4
10047,37,3
10047,38,2
10047,39,1
10048,21,5
10048,22,4
10048,3,3
10048,23,2
10048,8,1
10049,2,5
10049,12,4
10049,171,3
10049,16,2
10049,17,1
10050,16,5
10050,13,4
10050,42,3
10050,44,2
10050,142,1
10051,2,5
10051,17,4
10051,19,3
10051,53,2
10051,16,1
10052,16,5
10052,2,4
10052,150,3
10052,19,2
10052,148,1
10053,16,5
10053,138,4
10053,43,3
10053,135,2
10053,77,1
10054,1,5
10054,24,4
10054,27,3
10054,15,2
10054,249,1
10055,17,5
10055,2,4
10055,16,3
10055,15,2
10055,10,1
10056,16,5
10056,12,4
10056,3,3
10056,17,2
10056,2,1
10057,2,5
10057,16,4
10057,17,3
10057,15,2
10057,171,1
10058,17,5
10058,12,4
10058,33,3
10058,276,2
10058,281,1
10059,16,5
10059,138,4
10059,142,3
10059,157,2
10059,135,1
10060,16,5
10060,157,4
10060,135,3
10060,53,2
10060,137,1
10061,2,5
10061,16,4
10061,15,3
10061,17,2
10061,171,1
10062,18,5
10062,40,4
10062,39,3
10062,53,2
10062,174,1
10063,17,5
10063,2,4
10063,16,3
10063,11,2
10063,12,1
10064,16,5
10064,17,4
10064,2,3
10064,138,2
10064,12,1
10065,16,5
10065,135,4
10065,44,3
10065,38,2
10065,138,1
10066,17,5
10066,14,4
10066,11,3
10066,16,2
10066,15,1
10067,15,5
10067,17,4
10067,12,3
10067,16,2
10067,11,1
10068,7,5
10068,17,4
10068,20,3
10068,19,2
10068,38,1
10069,11,5
10069,10,4
10069,14,3
10069,15,2
10069,27,1
10070,21,5
10070,17,4
10070,15,3
10070,198,2
10070,16,1
10071,21,5
10071,16,4
10071,20,3
10071,135,2
10071,138,1
10072,39,5
10072,56,4
10072,38,3
10072,76,2
10072,4,1
10073,138,5
10073,16,4
10073,143,3
10073,135,2
10073,137,1
10074,16,5
10074,93,4
10074,39,3
10074,17,2
10074,12,1
10075,17,5
10075,16,4
10075,11,3
10075,12,2
10075,35,1
10076,16,5
10076,93,4
10076,94,3
10076,97,2
10076,14,1
10077,16,5
10077,12,4
10077,18,3
10077,37,2
10077,8,1
10078,12,5
10078,17,4
10078,2,3
10078,4,2
10078,38,1
10079,16,5
10079,54,4
10079,8,3
10079,17,2
10079,52,1
10080,19,5
10080,17,4
10080,20,3
10080,9,2
10080,1,1
10081,16,5
10081,35,4
10081,51,3
10081,125,2
10081,37,1
10082,16,5
10082,138,4
10082,17,3
10082,3,2
10082,12,1
10083,10,5
10083,15,4
10083,17,3
10083,11,2
10083,16,1
10084,17,5
10084,37,4
10084,33,3
10084,11,2
10084,12,1
10085,16,5
10085,24,4
10085,38,3
10085,44,2
10085,10,1
10086,10,5
10086,15,4
10086,17,3
10086,16,2
10086,21,1
10087,12,5
10087,35,4
10087,39,3
10087,17,2
10087,18,1
10088,138,5
10088,143,4
10088,157,3
10088,158,2
10088,136,1
10089,16,5
10089,43,4
10089,138,3
10089,38,2
10089,39,1
10090,16,5
10090,38,4
10090,97,3
10090,41,2
10090,96,1
10091,15,5
10091,17,4
10091,39,3
10091,41,2
10091,45,1
10092,16,5
10092,42,4
10092,43,3
10092,38,2
10092,99,1
10093,15,5
10093,1,4
10093,17,3
10093,21,2
10093,20,1
10094,12,5
10094,16,4
10094,38,3
10094,2,2
10094,35,1
10095,56,5
10095,62,4
10095,66,3
10095,63,2
10095,137,1
10096,2,5
10096,17,4
10096,16,3
10096,38,2
10096,39,1
10097,2,5
10097,16,4
10097,3,3
10097,42,2
10097,7,1
10098,16,5
10098,35,4
10098,42,3
10098,38,2
10098,99,1
10099,16,5
10099,41,4
10099,39,3
10099,36,2
10099,40,1
10100,16,5
10100,138,4
10100,15,3
10100,17,2
10100,142,1
10101,10,5
10101,11,4
10101,15,3
10101,12,2
10101,27,1
10102,15,5
10102,16,4
10102,2,3
10102,135,2
10102,149,1
10103,17,5
10103,12,4
10103,11,3
10103,15,2
10103,10,1
10104,17,5
10104,16,4
10104,11,3
10104,31,2
10104,52,1
10105,10,5
10105,12,4
10105,15,3
10105,8,2
10105,2,1
10106,16,5
10106,12,4
10106,35,3
10106,38,2
10106,8,1
10107,10,5
10107,11,4
10107,12,3
10107,14,2
10107,24,1
10108,15,5
10108,52,4
10108,9,3
10108,20,2
10108,4,1
10109,15,5
10109,16,4
10109,11,3
10109,12,2
10109,35,1
10110,16,5
10110,12,4
10110,35,3
10110,42,2
10110,15,1
10111,15,5
10111,12,4
10111,16,3
10111,20,2
10111,34,1
10112,17,5
10112,20,4
10112,16,3
10112,11,2
10112,198,1
10113,17,5
10113,20,4
10113,24,3
10113,33,2
10113,198,1
10114,17,5
10114,12,4
10114,13,3
10114,16,2
10114,14,1
10115,17,5
10115,16,4
10115,96,3
10115,93,2
10115,43,1
10116,143,5
10116,12,4
10116,157,3
10116,16,2
10116,37,1
10117,15,5
10117,20,4
10117,16,3
10117,9,2
10117,17,1
10118,12,5
10118,16,4
10118,13,3
10118,35,2
10118,15,1
10119,10,5
10119,12,4
10119,39,3
10119,33,2
10119,35,1
10120,16,5
10120,43,4
10120,39,3
10120,135,2
10120,138,1
10121,19,5
10121,17,4
10121,20,3
10121,15,2
10121,11,1
10122,16,5
10122,43,4
10122,157,3
10122,38,2
10122,13,1
10123,13,5
10123,40,4
10123,41,3
10123,42,2
10123,43,1
10124,13,5
10124,12,4
10124,35,3
10124,33,2
10124,15,1
10125,138,5
10125,16,4
10125,143,3
10125,150,2
10125,157,1
10126,16,5
10126,17,4
10126,3,3
10126,12,2
10126,183,1
10127,12,5
10127,1,4
10127,16,3
10127,14,2
10127,15,1
10128,24,5
10128,16,4
10128,2,3
10128,51,2
10128,156,1
10129,16,5
10129,52,4
10129,35,3
10129,135,2
10129,150,1
10130,16,5
10130,42,4
10130,43,3
10130,53,2
10130,99,1
10131,17,5
10131,33,4
10131,37,3
10131,36,2
10131,201,1
10132,17,5
10132,77,4
10132,37,3
10132,36,2
10132,16,1
10133,17,5
10133,37,4
10133,19,3
10133,24,2
10133,198,1
10134,17,5
10134,37,4
10134,36,3
10134,33,2
10134,16,1
10135,76,5
10135,77,4
10135,17,3
10135,24,2
10135,33,1
10136,17,5
10136,16,4
10136,37,3
10136,19,2
10136,201,1
10137,17,5
10137,16,4
10137,37,3
10137,36,2
10137,11,1
10138,17,5
10138,16,4
10138,12,3
10138,37,2
10138,186,1
10139,17,5
10139,16,4
10139,37,3
10139,198,2
10139,31,1
10140,12,5
10140,16,4
10140,33,3
10140,34,2
10140,35,1
10141,16,5
10141,36,4
10141,43,3
10141,35,2
10141,98,1
10142,7,5
10142,16,4
10142,38,3
10142,2,2
10142,135,1
10143,16,5
10143,12,4
10143,13,3
10143,42,2
10143,44,1
10144,16,5
10144,36,4
10144,43,3
10144,39,2
10144,99,1
10145,17,5
10145,21,4
10145,16,3
10145,35,2
10145,37,1
10146,15,5
10146,17,4
10146,16,3
10146,6,2
10146,11,1
10147,17,5
10147,16,4
10147,12,3
10147,35,2
10147,21,1
10148,12,5
10148,4,4
10148,16,3
10148,38,2
10148,6,1
10149,17,5
10149,16,4
10149,12,3
10149,37,2
10149,38,1
10150,15,5
10150,17,4
10150,6,3
10150,20,2
10150,3,1
10151,17,5
10151,16,4
10151,52,3
10151,35,2
10151,183,1
10152,17,5
10152,16,4
10152,12,3
10152,37,2
10152,38,1
10153,182,5
10153,183,4
10153,181,3
10153,177,2
10153,174,1
10154,17,5
10154,12,4
10154,16,3
10154,21,2
10154,38,1
10155,17,5
10155,2,4
10155,16,3
10155,171,2
10155,35,1
10156,15,5
10156,17,4
10156,52,3
10156,51,2
10156,6,1
10157,17,5
10157,16,4
10157,12,3
10157,181,2
10157,24,1
10158,17,5
10158,11,4
10158,32,3
10158,35,2
10158,198,1
10159,17,5
10159,33,4
10159,15,3
10159,37,2
10159,6,1
10160,20,5
10160,16,4
10160,24,3
10160,35,2
10160,15,1
10161,17,5
10161,16,4
10161,37,3
10161,38,2
10161,201,1
10162,77,5
10162,16,4
10162,76,3
10162,79,2
10162,36,1
10163,17,5
10163,16,4
10163,12,3
10163,35,2
10163,183,1
10164,17,5
10164,37,4
10164,16,3
10164,36,2
10164,15,1
10165,16,5
10165,12,4
10165,13,3
10165,35,2
10165,33,1
10166,12,5
10166,16,4
10166,35,3
10166,42,2
10166,179,1
10167,16,5
10167,13,4
10167,12,3
10167,38,2
10167,39,1
10168,17,5
10168,19,4
10168,20,3
10168,15,2
10168,11,1
10169,15,5
10169,17,4
10169,16,3
10169,20,2
10169,52,1
10170,15,5
10170,12,4
10170,16,3
10170,10,2
10170,17,1
10171,25,5
10171,41,4
10171,33,3
10171,19,2
10171,183,1
10172,17,5
10172,16,4
10172,18,3
10172,24,2
10172,11,1
10173,12,5
10173,22,4
10173,10,3
10173,8,2
10173,14,1
20000,17,5
20000,16,4
20000,12,3
20000,11,2
20000,15,1
20001,15,5
20001,16,4
20001,4,3
20001,1,2
20001,183,1
20002,4,5
20002,23,4
20002,39,3
20002,63,2
20002,115,1
20003,17,5
20003,20,4
20003,12,3
20003,38,2
20003,198,1
20004,178,5
20004,16,4
20004,4,3
20004,183,2
20004,76,1
20005,21,5
20005,11,4
20005,22,3
20005,10,2
20005,20,1
20006,21,5
20006,22,4
20006,19,3
20006,35,2
20006,20,1
20007,2,5
20007,17,4
20007,21,3
20007,22,2
20007,167,1
20008,17,5
20008,21,4
20008,11,3
20008,19,2
20008,282,1
20009,18,5
20009,16,4
20009,22,3
20009,19,2
20009,174,1
20010,2,5
20010,12,4
20010,16,3
20010,35,2
20010,174,1
20011,8,5
20011,17,4
20011,21,3
20011,24,2
20011,25,1
20012,17,5
20012,16,4
20012,11,3
20012,31,2
20012,37,1
20013,76,5
20013,16,4
20013,43,3
20013,135,2
20013,77,1
20014,12,5
20014,23,4
20014,22,3
20014,16,2
20014,38,1
20015,2,5
20015,12,4
20015,16,3
20015,17,2
20015,8,1
20016,14,5
20016,17,4
20016,1,3
20016,15,2
20016,5,1
20017,17,5
20017,181,4
20017,182,3
20017,16,2
20017,186,1
20018,15,5
20018,12,4
20018,16,3
20018,21,2
20018,17,1
20019,15,5
20019,16,4
20019,2,3
20019,12,2
20019,1,1
20020,138,5
20020,16,4
20020,135,3
20020,42,2
20020,143,1
20021,19,5
20021,17,4
20021,21,3
20021,20,2
20021,22,1
20022,15,5
20022,17,4
20022,19,3
20022,16,2
20022,5,1
20023,4,5
20023,56,4
20023,63,3
20023,12,2
20023,87,1
20024,12,5
20024,35,4
20024,3,3
20024,38,2
20024,16,1
20025,12,5
20025,43,4
20025,42,3
20025,13,2
20025,41,1
20026,12,5
20026,33,4
20026,35,3
20026,42,2
20026,13,1
20027,13,5
20027,12,4
20027,16,3
20027,35,2
20027,33,1
20028,4,5
20028,12,4
20028,33,3
20028,38,2
20028,20,1
20029,41,5
20029,39,4
20029,42,3
20029,35,2
20029,40,1
20030,41,5
20030,16,4
20030,42,3
20030,39,2
20030,40,1
20031,12,5
20031,33,4
20031,35,3
20031,36,2
20031,13,1
20032,40,5
20032,41,4
20032,39,3
20032,55,2
20032,56,1
20033,12,5
20033,33,4
20033,35,3
20033,13,2
20033,17,1
20034,12,5
20034,33,4
20034,35,3
20034,42,2
20034,32,1
20035,12,5
20035,11,4
20035,15,3
20035,33,2
20035,35,1
20036,4,5
20036,12,4
20036,35,3
20036,77,2
20036,276,1
20037,12,5
20037,33,4
20037,35,3
20037,17,2
20037,13,1
20038,16,5
20038,36,4
20038,38,3
20038,44,2
20038,100,1
20039,16,5
20039,12,4
20039,4,3
20039,20,2
20039,32,1
20040,12,5
20040,33,4
20040,4,3
20040,35,2
20040,34,1
20041,41,5
20041,39,4
20041,16,3
20041,42,2
20041,40,1
20042,13,5
20042,12,4
20042,16,3
20042,38,2
20042,39,1
20043,12,5
20043,33,4
20043,35,3
20043,11,2
20043,37,1
20044,41,5
20044,42,4
20044,39,3
20044,40,2
20044,32,1
20045,12,5
20045,33,4
20045,35,3
20045,42,2
20045,13,1
20046,16,5
20046,35,4
20046,37,3
20046,106,2
20046,101,1
20047,12,5
20047,33,4
20047,42,3
20047,77,2
20047,40,1
20048,12,5
20048,33,4
20048,14,3
20048,37,2
20048,32,1
20049,41,5
20049,12,4
20049,35,3
20049,42,2
20049,13,1
20050,41,5
20050,39,4
20050,12,3
20050,33,2
20050,37,1
20051,13,5
20051,17,4
20051,42,3
20051,15,2
20051,16,1
20052,41,5
20052,40,4
20052,39,3
20052,42,2
20052,33,1
20053,17,5
20053,41,4
20053,42,3
20053,31,2
20053,33,1
20054,17,5
20054,32,4
20054,12,3
20054,35,2
20054,11,1
20055,12,5
20055,33,4
20055,14,3
20055,13,2
20055,32,1
20056,12,5
20056,41,4
20056,39,3
20056,40,2
20056,34,1
20057,15,5
20057,34,4
20057,35,3
20057,37,2
20057,12,1
20058,20,5
20058,45,4
20058,11,3
20058,32,2
20058,31,1
20059,138,5
20059,16,4
20059,42,3
20059,139,2
20059,33,1
20060,31,5
20060,42,4
20060,41,3
20060,39,2
20060,32,1
20061,18,5
20061,4,4
20061,20,3
20061,35,2
20061,211,1
20062,15,5
20062,12,4
20062,16,3
20062,33,2
20062,35,1
20063,41,5
20063,12,4
20063,33,3
20063,42,2
20063,32,1
20064,13,5
20064,12,4
20064,16,3
20064,15,2
20064,2,1
20065,16,5
20065,12,4
20065,1,3
20065,53,2
20065,38,1
20066,16,5
20066,37,4
20066,33,3
20066,98,2
20066,35,1
20067,3,5
20067,12,4
20067,16,3
20067,14,2
20067,15,1
20068,3,5
20068,17,4
20068,19,3
20068,183,2
20068,191,1
20069,55,5
20069,56,4
20069,12,3
20069,13,2
20069,10,1
20070,12,5
20070,33,4
20070,37,3
20070,39,2
20070,13,1
20071,40,5
20071,41,4
20071,39,3
20071,42,2
20071,32,1
20072,41,5
20072,39,4
20072,42,3
20072,35,2
20072,32,1
20073,12,5
20073,33,4
20073,39,3
20073,35,2
20073,40,1
20074,12,5
20074,36,4
20074,39,3
20074,37,2
20074,38,1
20075,9,5
20075,16,4
20075,20,3
20075,12,2
20075,37,1
20076,12,5
20076,13,4
20076,35,3
20076,40,2
20076,42,1
20077,40,5
20077,12,4
20077,39,3
20077,9,2
20077,19,1
20078,9,5
20078,18,4
20078,12,3
20078,8,2
20078,17,1
20079,39,5
20079,40,4
20079,13,3
20079,41,2
20079,9,1
20080,17,5
20080,12,4
20080,38,3
20080,35,2
20080,39,1
20081,9,5
20081,8,4
20081,19,3
20081,20,2
20081,18,1
20082,12,5
20082,19,4
20082,17,3
20082,230,2
20082,20,1
20083,77,5
20083,16,4
20083,79,3
20083,13,2
20083,54,1
20084,12,5
20084,19,4
20084,33,3
20084,20,2
20084,35,1
20085,20,5
20085,12,4
20085,9,3
20085,8,2
20085,230,1
20086,19,5
20086,24,4
20086,35,3
20086,230,2
20086,37,1
20087,12,5
20087,230,4
20087,17,3
20087,35,2
20087,198,1
20088,12,5
20088,20,4
20088,9,3
20088,11,2
20088,21,1
20089,16,5
20089,20,4
20089,38,3
20089,207,2
20089,210,1
20090,17,5
20090,19,4
20090,20,3
20090,21,2
20090,24,1
20091,17,5
20091,19,4
20091,10,3
20091,20,2
20091,18,1
20092,15,5
20092,16,4
20092,242,3
20092,37,2
20092,36,1
20093,17,5
20093,16,4
20093,11,3
20093,15,2
20093,6,1
20094,12,5
20094,16,4
20094,38,3
20094,183,2
20094,35,1
20095,2,5
20095,16,4
20095,157,3
20095,159,2
20095,150,1
20096,3,5
20096,16,4
20096,164,3
20096,171,2
20096,12,1
20097,157,5
20097,164,4
20097,16,3
20097,22,2
20097,171,1
20098,16,5
20098,21,4
20098,19,3
20098,22,2
20098,8,1
20099,11,5
20099,17,4
20099,19,3
20099,20,2
20099,183,1
20100,10,5
20100,17,4
20100,16,3
20100,51,2
20100,35,1
12013,172,5
12013,156,4
12013,157,3
12013,171,2
12013,167,1
12014,138,5
12014,16,4
12014,7,3
12014,17,2
12014,140,1
12015,159,5
12015,16,4
12015,157,3
12015,150,2
12015,120,1
12016,152,5
12016,149,4
12016,156,3
12016,159,2
12016,151,1
12017,18,5
12017,211,4
12017,20,3
12017,212,2
12017,214,1
12018,138,5
12018,16,4
12018,2,3
12018,8,2
12018,135,1
12019,138,5
12019,16,4
12019,142,3
12019,151,2
12019,139,1
12020,138,5
12020,16,4
12020,56,3
12020,36,2
12020,35,1
12021,56,5
12021,62,4
12021,64,3
12021,24,2
12021,20,1
12022,138,5
12022,143,4
12022,136,3
12022,135,2
12022,140,1
12023,138,5
12023,143,4
12023,137,3
12023,135,2
12023,136,1
12024,138,5
12024,143,4
12024,136,3
12024,157,2
12024,135,1
12025,16,5
12025,2,4
12025,171,3
12025,17,2
12025,172,1
12026,20,5
12026,8,4
12026,3,3
12026,23,2
12026,16,1
12027,2,5
12027,17,4
12027,16,3
12027,171,2
12027,14,1
12028,16,5
12028,22,4
12028,143,3
12028,138,2
12028,3,1
12029,16,5
12029,12,4
12029,3,3
12029,35,2
12029,36,1
12030,20,5
12030,7,4
12030,8,3
12030,208,2
12030,227,1
12031,2,5
12031,17,4
12031,174,3
12031,177,2
12031,18,1
12032,2,5
12032,16,4
12032,4,3
12032,12,2
12032,14,1
12033,17,5
12033,16,4
12033,22,3
12033,185,2
12033,198,1
12034,16,5
12034,12,4
12034,13,3
12034,36,2
12034,35,1
12035,2,5
12035,16,4
12035,17,3
12035,183,2
12035,177,1
12036,212,5
12036,214,4
12036,211,3
12036,218,2
12036,213,1
12037,119,5
12037,125,4
12037,16,3
12037,150,2
12037,120,1
12038,16,5
12038,52,4
12038,54,3
12038,55,2
12038,125,1
12039,16,5
12039,158,4
12039,19,3
12039,20,2
12039,125,1
12040,16,5
12040,2,4
12040,14,3
12040,135,2
12040,15,1
12041,138,5
12041,16,4
12041,136,3
12041,142,2
12041,135,1
12042,2,5
12042,16,4
12042,17,3
12042,3,2
12042,156,1
12043,16,5
12043,36,4
12043,12,3
12043,38,2
12043,35,1
12044,138,5
12044,16,4
12044,7,3
12044,136,2
12044,139,1
12045,16,5
12045,42,4
12045,56,3
12045,79,2
12045,99,1
12046,4,5
12046,19,4
12046,24,3
12046,53,2
12046,25,1
12047,56,5
12047,16,4
12047,4,3
12047,76,2
12047,77,1
12048,16,5
12048,2,4
12048,36,3
12048,38,2
12048,135,1
12049,16,5
12049,12,4
12049,35,3
12049,37,2
12049,18,1
12050,138,5
12050,143,4
12050,148,3
12050,149,2
12050,157,1
12051,15,5
12051,2,4
12051,18,3
12051,207,2
12051,19,1
12052,2,5
12052,12,4
12052,3,3
12052,16,2
12052,174,1
12053,16,5
12053,43,4
12053,38,3
12053,135,2
12053,39,1
12054,35,5
12054,15,4
12054,20,3
12054,9,2
12054,16,1
12055,138,5
12055,16,4
12055,137,3
12055,142,2
12055,135,1
12056,15,5
12056,2,4
12056,12,3
12056,16,2
12056,35,1
12057,21,5
12057,22,4
12057,3,3
12057,17,2
12057,171,1
12058,138,5
12058,16,4
12058,157,3
12058,135,2
12058,3,1
12059,2,5
12059,12,4
12059,17,3
12059,171,2
12059,15,1
12060,2,5
12060,16,4
12060,4,3
12060,171,2
12060,174,1
12061,16,5
12061,86,4
12061,138,3
12061,139,2
12061,37,1
12062,16,5
12062,38,4
12062,55,3
12062,153,2
12062,125,1
12063,2,5
12063,17,4
12063,18,3
12063,24,2
12063,35,1
12064,12,5
12064,23,4
12064,15,3
12064,14,2
12064,16,1
12065,3,5
12065,17,4
12065,18,3
12065,229,2
12065,21,1
12066,16,5
12066,57,4
12066,56,3
12066,55,2
12066,37,1
12067,15,5
12067,16,4
12067,56,3
12067,77,2
12067,51,1
12068,3,5
12068,21,4
12068,22,3
12068,171,2
12068,16,1
12069,20,5
12069,8,4
12069,24,3
12069,211,2
12069,2,1
12070,138,5
12070,16,4
12070,157,3
12070,139,2
12070,135,1
12071,4,5
12071,17,4
12071,19,3
12071,20,2
12071,35,1
12072,138,5
12072,15,4
12072,16,3
12072,17,2
12072,139,1
12073,16,5
12073,2,4
12073,3,3
12073,38,2
12073,12,1
12074,16,5
12074,12,4
12074,35,3
12074,135,2
12074,37,1
12075,16,5
12075,138,4
12075,14,3
12075,36,2
12075,3,1
12076,12,5
12076,16,4
12076,35,3
12076,15,2
12076,4,1
12077,2,5
12077,174,4
12077,17,3
12077,177,2
12077,173,1
12078,16,5
12078,15,4
12078,17,3
12078,2,2
12078,183,1
12079,2,5
12079,16,4
12079,17,3
12079,173,2
12079,183,1
12080,20,5
12080,12,4
12080,18,3
12080,3,2
12080,2,1
12081,18,5
12081,34,4
12081,35,3
12081,19,2
12081,20,1
12082,2,5
12082,173,4
12082,16,3
12082,157,2
12082,36,1
12083,16,5
12083,2,4
12083,37,3
12083,135,2
12083,171,1
12084,15,5
12084,2,4
12084,16,3
12084,3,2
12084,52,1
12085,16,5
12085,35,4
12085,36,3
12085,42,2
12085,41,1
12086,18,5
12086,23,4
12086,16,3
12086,35,2
12086,8,1
12087,8,5
12087,16,4
12087,138,3
12087,143,2
12087,22,1
12088,16,5
12088,42,4
12088,36,3
12088,53,2
12088,55,1
12089,2,5
12089,16,4
12089,12,3
12089,37,2
12089,38,1
12090,4,5
12090,12,4
12090,16,3
12090,38,2
12090,39,1
12091,159,5
12091,157,4
12091,153,3
12091,152,2
12091,158,1
12092,16,5
12092,12,4
12092,37,3
12092,38,2
12092,135,1
12093,16,5
12093,36,4
12093,135,3
12093,39,2
12093,138,1
12094,16,5
12094,135,4
12094,39,3
12094,106,2
12094,43,1
12095,19,5
12095,158,4
12095,156,3
12095,157,2
12095,159,1
12096,2,5
12096,17,4
12096,16,3
12096,19,2
12096,15,1
12097,16,5
12097,135,4
12097,86,3
12097,138,2
12097,54,1
12098,16,5
12098,106,4
12098,138,3
12098,135,2
12098,43,1
12099,138,5
12099,16,4
12099,135,3
12099,157,2
12099,143,1
12100,15,5
12100,2,4
12100,16,3
12100,38,2
12100,191,1
12101,16,5
12101,43,4
12101,111,3
12101,157,2
12101,135,1
12102,17,5
12102,20,4
12102,198,3
12102,201,2
12102,11,1
12103,34,5
12103,36,4
12103,38,3
12103,35,2
12103,51,1
12104,15,5
12104,2,4
12104,17,3
12104,16,2
12104,3,1
12105,16,5
12105,12,4
12105,135,3
12105,38,2
12105,53,1
12106,138,5
12106,16,4
12106,143,3
12106,139,2
12106,135,1
12107,17,5
12107,2,4
12107,35,3
12107,39,2
12107,40,1
12108,20,5
12108,19,4
12108,24,3
12108,35,2
12108,207,1
12109,2,5
12109,17,4
12109,38,3
12109,16,2
12109,183,1
12110,54,5
12110,16,4
12110,55,3
12110,37,2
12110,53,1
12111,2,5
12111,16,4
12111,17,3
12111,12,2
12111,35,1
12112,21,5
12112,2,4
12112,156,3
12112,157,2
12112,167,1
12113,15,5
12113,16,4
12113,17,3
12113,241,2
12113,8,1
12114,16,5
12114,157,4
12114,152,3
12114,151,2
12114,22,1
12115,2,5
12115,157,4
12115,168,3
12115,173,2
12115,171,1
12116,16,5
12116,36,4
12116,39,3
12116,150,2
12116,43,1
12117,16,5
12117,138,4
12117,171,3
12117,142,2
12117,143,1
12118,16,5
12118,42,4
12118,43,3
12118,137,2
12118,135,1
12119,2,5
12119,17,4
12119,16,3
12119,37,2
12119,186,1
12120,7,5
12120,18,4
12120,5,3
12120,19,2
12120,150,1
12121,16,5
12121,43,4
12121,56,3
12121,135,2
12121,106,1
12122,2,5
12122,15,4
12122,16,3
12122,17,2
12122,171,1
12123,16,5
12123,12,4
12123,35,3
12123,37,2
12123,38,1
12124,2,5
12124,12,4
12124,16,3
12124,174,2
12124,171,1
12125,17,5
12125,23,4
12125,2,3
12125,3,2
12125,16,1
12126,2,5
12126,16,4
12126,17,3
12126,38,2
12126,39,1
12127,22,5
12127,1,4
12127,17,3
12127,15,2
12127,16,1
12128,16,5
12128,120,4
12128,157,3
12128,121,2
12128,53,1
12129,163,5
12129,150,4
12129,159,3
12129,149,2
12129,157,1
12130,17,5
12130,12,4
12130,33,3
12130,4,2
12130,32,1
12131,138,5
12131,135,4
12131,16,3
12131,142,2
12131,139,1
12132,16,5
12132,135,4
12132,77,3
12132,20,2
12132,54,1
12133,2,5
12133,157,4
12133,168,3
12133,171,2
12133,166,1
12134,138,5
12134,16,4
12134,142,3
12134,36,2
12134,141,1
12135,150,5
12135,159,4
12135,163,3
12135,157,2
12135,149,1
12136,22,5
12136,21,4
12136,14,3
12136,16,2
12136,15,1
12137,16,5
12137,3,4
12137,2,3
12137,150,2
12137,37,1
12138,12,5
12138,16,4
12138,17,3
12138,173,2
12138,174,1
12139,138,5
12139,16,4
12139,142,3
12139,135,2
12139,149,1
12140,4,5
12140,16,4
12140,35,3
12140,76,2
12140,12,1
12141,16,5
12141,143,4
12141,37,3
12141,38,2
12141,135,1
12142,16,5
12142,150,4
12142,159,3
12142,125,2
12142,163,1
12143,16,5
12143,36,4
12143,3,3
12143,38,2
12143,1,1
12144,150,5
12144,16,4
12144,163,3
12144,120,2
12144,54,1
12145,16,5
12145,38,4
12145,36,3
12145,12,2
12145,138,1
12146,138,5
12146,16,4
12146,139,3
12146,142,2
12146,135,1
12147,19,5
12147,2,4
12147,17,3
12147,15,2
12147,8,1
12148,143,5
12148,16,4
12148,157,3
12148,145,2
12148,38,1
12149,16,5
12149,43,4
12149,36,3
12149,38,2
12149,135,1
12150,16,5
12150,38,4
12150,138,3
12150,135,2
12150,42,1
12151,177,5
12151,174,4
12151,173,3
12151,2,2
12151,16,1
